0.61    0.60    0.61    0.66    0.49    0.58    0.69    0.54    0.43    0.39    0.46    0.48    0.59    0.60    0.60    0.64    0.30    0.59    0.26    0.57    0.44   
0.00    0.00    0.00    0.00    0.00    0.00    0.00    0.00    0.00    0.00    0.00    0.00    0.00    0.00    0.00    0.00    0.00    0.00    0.00    0.00    0.00   
0.00    0.00    0.00    0.00    0.00    0.00    0.00    0.00    0.00    0.00    0.00    0.00    0.00    0.00    0.00    0.00    0.00    0.00    0.00    0.00    0.00   
0.17    0.20    0.18    0.22    0.14    0.19    0.29    0.15    0.13    0.10    0.10    0.12    0.18    0.18    0.19    0.24    0.09    0.17    0.07    0.14    0.15   
0.02    0.03    0.02    0.03    0.02    0.03    0.04    0.02    0.01    0.01    0.01    0.02    0.02    0.02    0.03    0.03    0.01    0.02    0.01    0.02    0.02   
0.00    0.00    0.00    0.00    0.00    0.00    0.00    0.00    0.00    0.00    0.00    0.00    0.00    0.00    0.00    0.00    0.00    0.00    0.00    0.00    0.00   
0.02    0.02    0.02    0.02    0.02    0.02    0.03    0.02    0.01    0.01    0.01    0.02    0.02    0.02    0.02    0.02    0.01    0.02    0.01    0.02    0.01   
0.10    0.13    0.12    0.16    0.11    0.13    0.20    0.11    0.08    0.07    0.06    0.08    0.12    0.12    0.13    0.16    0.06    0.13    0.04    0.10    0.09   
0.05    0.07    0.06    0.08    0.06    0.07    0.11    0.06    0.04    0.04    0.03    0.04    0.06    0.06    0.07    0.09    0.03    0.06    0.02    0.05    0.04   
0.51    0.51    0.51    0.56    0.41    0.49    0.63    0.43    0.36    0.29    0.37    0.40    0.50    0.48    0.52    0.57    0.24    0.49    0.23    0.47    0.37   
0.00    0.01    0.00    0.01    0.01    0.01    0.01    0.00    0.00    0.00    0.00    0.01    0.00    0.00    0.01    0.01    0.00    0.00    0.00    0.00    0.00   
0.26    0.29    0.28    0.32    0.22    0.29    0.40    0.23    0.19    0.18    0.16    0.21    0.26    0.30    0.29    0.36    0.15    0.32    0.11    0.20    0.21   
0.51    0.51    0.51    0.56    0.41    0.48    0.63    0.42    0.36    0.28    0.36    0.40    0.50    0.47    0.51    0.56    0.24    0.48    0.23    0.47    0.37   
0.02    0.02    0.02    0.03    0.02    0.02    0.03    0.02    0.01    0.01    0.01    0.02    0.02    0.02    0.02    0.03    0.01    0.02    0.01    0.02    0.01   
0.09    0.12    0.10    0.14    0.09    0.11    0.18    0.10    0.07    0.06    0.06    0.07    0.11    0.10    0.12    0.14    0.05    0.12    0.04    0.08    0.07   
0.64    0.63    0.66    0.69    0.51    0.64    0.73    0.60    0.46    0.43    0.51    0.53    0.62    0.66    0.65    0.67    0.34    0.65    0.26    0.60    0.48   
0.03    0.05    0.04    0.06    0.04    0.04    0.07    0.04    0.02    0.02    0.02    0.03    0.04    0.04    0.05    0.06    0.02    0.04    0.02    0.03    0.03   
0.29    0.32    0.29    0.35    0.23    0.31    0.41    0.25    0.20    0.17    0.19    0.22    0.28    0.32    0.29    0.39    0.15    0.33    0.11    0.23    0.22   
0.19    0.21    0.19    0.23    0.15    0.20    0.30    0.16    0.14    0.09    0.11    0.14    0.19    0.19    0.21    0.26    0.10    0.18    0.07    0.15    0.16   
0.26    0.30    0.28    0.32    0.23    0.30    0.40    0.24    0.19    0.18    0.16    0.21    0.26    0.30    0.29    0.36    0.15    0.32    0.11    0.21    0.21   
0.64    0.64    0.67    0.69    0.51    0.64    0.73    0.60    0.47    0.44    0.52    0.54    0.62    0.66    0.66    0.67    0.34    0.66    0.26    0.60    0.48   
0.39    0.40    0.39    0.44    0.32    0.42    0.52    0.35    0.32    0.21    0.32    0.33    0.38    0.41    0.40    0.46    0.23    0.44    0.17    0.37    0.39   
0.06    0.08    0.07    0.09    0.06    0.08    0.12    0.06    0.04    0.04    0.04    0.05    0.07    0.07    0.08    0.10    0.04    0.07    0.03    0.06    0.04   
0.64    0.64    0.67    0.69    0.51    0.64    0.73    0.60    0.47    0.44    0.52    0.54    0.62    0.66    0.66    0.67    0.34    0.66    0.26    0.60    0.48   
0.03    0.05    0.04    0.05    0.04    0.04    0.06    0.03    0.02    0.02    0.02    0.03    0.04    0.04    0.05    0.05    0.02    0.04    0.01    0.03    0.02   
0.02    0.03    0.03    0.04    0.03    0.03    0.04    0.03    0.02    0.01    0.01    0.03    0.03    0.03    0.04    0.04    0.02    0.03    0.01    0.02    0.02   
0.64    0.64    0.67    0.69    0.51    0.64    0.73    0.60    0.47    0.44    0.52    0.54    0.62    0.66    0.66    0.67    0.34    0.66    0.26    0.60    0.48   
0.10    0.13    0.11    0.15    0.10    0.12    0.19    0.10    0.07    0.07    0.06    0.07    0.12    0.11    0.13    0.15    0.06    0.13    0.04    0.09    0.08   
0.01    0.01    0.01    0.01    0.01    0.01    0.01    0.01    0.01    0.01    0.00    0.01    0.01    0.01    0.01    0.01    0.01    0.01    0.00    0.01    0.01   
0.64    0.64    0.67    0.69    0.51    0.64    0.73    0.60    0.47    0.44    0.52    0.54    0.62    0.66    0.66    0.67    0.34    0.66    0.26    0.60    0.48   
0.03    0.04    0.03    0.04    0.03    0.03    0.05    0.03    0.02    0.02    0.01    0.03    0.03    0.03    0.04    0.04    0.02    0.03    0.01    0.03    0.02   
0.15    0.18    0.16    0.21    0.14    0.18    0.26    0.14    0.12    0.08    0.09    0.11    0.18    0.16    0.17    0.22    0.08    0.16    0.06    0.13    0.13   
0.01    0.01    0.01    0.01    0.01    0.01    0.01    0.01    0.01    0.01    0.00    0.01    0.01    0.01    0.01    0.01    0.01    0.01    0.00    0.01    0.01   
0.16    0.18    0.17    0.21    0.14    0.18    0.26    0.14    0.12    0.08    0.09    0.11    0.18    0.17    0.18    0.23    0.08    0.16    0.07    0.13    0.14   
0.05    0.07    0.06    0.08    0.06    0.08    0.11    0.06    0.04    0.04    0.03    0.04    0.07    0.07    0.08    0.09    0.03    0.07    0.02    0.05    0.04   
0.04    0.06    0.05    0.07    0.05    0.05    0.08    0.04    0.03    0.03    0.02    0.03    0.05    0.05    0.06    0.07    0.03    0.05    0.02    0.04    0.03   
0.01    0.02    0.01    0.02    0.01    0.02    0.02    0.01    0.01    0.01    0.01    0.01    0.01    0.01    0.02    0.02    0.01    0.01    0.01    0.01    0.01   
0.36    0.38    0.38    0.43    0.31    0.40    0.49    0.33    0.31    0.19    0.31    0.33    0.36    0.39    0.39    0.44    0.22    0.40    0.17    0.35    0.38   
0.00    0.01    0.00    0.01    0.01    0.01    0.01    0.00    0.00    0.00    0.00    0.01    0.00    0.00    0.01    0.01    0.00    0.00    0.00    0.00    0.00   
0.01    0.01    0.01    0.01    0.01    0.01    0.01    0.01    0.00    0.00    0.00    0.01    0.01    0.01    0.01    0.01    0.01    0.01    0.00    0.01    0.01   
0.00    0.00    0.00    0.00    0.00    0.00    0.00    0.00    0.00    0.00    0.00    0.00    0.00    0.00    0.00    0.00    0.00    0.00    0.00    0.00    0.00   
